98214,50351
98214,51580
98424,51580
98424,52775
97835,52775
97835,54031
98280,54031
98280,55255
98185,55255
98185,56400
97492,56400
97492,57580
97181,57580
97181,58767
96943,58767
96943,60099
97387,60099
97387,61154
96525,61154
96525,62333
96241,62333
96241,63577
96173,63577
96173,64630
95467,64630
95467,65838
95255,65838
95255,67056
95043,67056
95043,68144
94479,68144
94479,69422
94364,69422
94364,70151
93028,70151
93028,71553
93141,71553
93141,72403
92138,72403
92138,73396
91437,73396
91437,74694
91258,74694
91258,75858
90820,75858
90820,76527
89618,76527
89618,77477
88870,77477
88870,78459
88170,78459
88170,79483
87520,79483
87520,80743
87147,80743
87147,81679
86362,81679
86362,82742
85714,82742
85714,83382
84609,83382
84609,84297
83801,84297
83801,85151
82929,85151
82929,85883
81947,85883
81947,86364
80759,86364
80759,87308
79971,87308
79971,87984
78961,87984
78961,89274
78401,89274
78401,89734
77228,89734
77228,90222
76090,90222
76090,90825
75035,90825
75035,91934
74275,91934
74275,92419
73141,92419
73141,92344
71727,92344
71727,93469
70930,93469
70930,94020
69838,94020
69838,93988
68498,93988
68498,94718
67485,94718
67485,95405
66440,95405
66440,95681
65243,95681
65243,96013
64069,96013
64069,96218
62860,96218
62860,96432
61661,96432
61661,96446
60421,96446
60421,96946
59291,96946
59291,97068
58082,97068
58082,97623
56940,97623
56940,97487
55696,97487
55696,97336
54465,97336
54465,97533
53271,97533
53271,97961
52081,97961
52081,98292
50871,98292
50871,98225
49648,98225
49648,98411
48419,98411
48419,97852
47223,97852
47223,98176
45977,98176
45977,97339
44836,97339
44836,97413
43609,97413
43609,97285
42402,97285
42402,97397
41147,97397
41147,97430
39891,97430
39891,96435
38866,96435
38866,96655
37556,96655
37556,95624
36584,95624
36584,95699
35294,95699
35294,95477
34084,95477
34084,95075
32931,95075
32931,94810
31720,94810
31720,93556
30931,93556
30931,93303
29719,93303
29719,92789
28622,92789
28622,92098
27617,92098
27617,91641
26488,91641
26488,91213
25332,91213
25332,90685
24226,90685
24226,90142
23121,90142
23121,89270
22239,89270
22239,88648
21183,88648
21183,87485
20544,87485
20544,86691
19633,86691
19633,86161
18495,86161
18495,85735
17237,85735
17237,84379
16839,84379
16839,83616
15889,83616
15889,83036
14734,83036
14734,82116
13926,82116
13926,80719
13683,80719
13683,80014
12637,80014
12637,79011
11949,79011
11949,77972
11317,77972
11317,77013
10579,77013
10579,75931
10022,75931
10022,75223
8867,75223
8867,74146
8287,74146
8287,72758
8283,72758
8283,71780
7551,71780
7551,70710
6987,70710
6987,69862
5926,69862
5926,68467
6085,68467
6085,67429
5424,67429
5424,66459
4544,66459
4544,65211
4412,65211
4412,63988
4250,63988
4250,62862
3775,62862
3775,61613
3759,61613
3759,60550
2979,60550
2979,59304
2988,59304
2988,58041
3169,58041
3169,56941
2368,56941
2368,55761
1970,55761
1970,54536
1904,54536
1904,53327
1650,53327
1650,52065
2410,52065
2410,50860
2307,50860
2307,50327
94862,50327
94862,48448
2476,48448
2476,47210
1932,47210
1932,45986
1929,45986
1929,44754
1901,44754
1901,43550
2145,43550
2145,42393
2659,42393
2659,41205
2909,41205
2909,40066
3391,40066
3391,38856
3520,38856
3520,37750
4071,37750
4071,36357
3602,36357
3602,35303
4327,35303
4327,34006
4301,34006
4301,33110
5398,33110
5398,31732
5218,31732
5218,30710
5938,30710
5938,29727
6713,29727
6713,28738
7443,28738
7443,27424
7538,27424
7538,26483
8350,26483
8350,25393
8888,25393
8888,24571
9858,24571
9858,23033
9725,23033
9725,22420
10985,22420
10985,21135
11286,21135
11286,20222
12105,20222
12105,19090
12652,19090
12652,18520
13867,18520
13867,17597
14657,17597
14657,16483
15251,16483
15251,15659
16156,15659
16156,15112
17318,15112
17318,14180
18110,14180
18110,13723
19313,13723
19313,12278
19697,12278
19697,11901
20951,11901
20951,11155
21909,11155
21909,10349
22829,10349
22829,10131
24139,10131
24139,9032
24877,9032
24877,8324
25874,8324
25874,8069
27125,8069
27125,7601
28244,7601
28244,6547
29077,6547
29077,6637
30457,6637
30457,5948
31475,5948
31475,5450
32580,5450
32580,5036
33719,5036
33719,4438
34796,4438
34796,4187
35992,4187
35992,3882
37167,3882
37167,3909
38424,3909
38424,2922
39436,2922
39436,2715
40641,2715
40641,2522
41847,2522
41847,2062
43013,2062
43013,2150
44260,2150
44260,2103
45482,2103
45482,1956
46693,1956
46693,1635
47900,1635
47900,1834
49130,1834
49130,2003
50350,2003
50350,1905
51569,1905
51569,2142
52777,2142
52777,1831
54021,1831
54021,2536
55176,2536
55176,2683
56377,2683
56377,2933
57562,2933
57562,2684
58836,2684
58836,2992
60018,2992
60018,3304
61195,3304
61195,3827
62314,3827
62314,4308
63435,4308
63435,4737
64564,4737
64564,5144
65698,5144
65698,5262
66940,5262
66940,5301
68233,5301
68233,6389
69092,6389
69092,6413
70413,6413
70413,7295
71335,7295
71335,7611
72537,7611
72537,8332
73526,8332
73526,9122
74466,9122
74466,9789
75472,9789
75472,10098
76716,10098
76716,10630
77830,10630
77830,11600
78630,11600
78630,12218
79688,12218
79688,12987
80631,12987
80631,14110
81267,14110
81267,14451
82590,14451
82590,15788
82999,15788
82999,16088
84410,16088
84410,17031
85193,17031
85193,17768
86202,17768
86202,18700
87001,18700
87001,19755
87649,19755
87649,20909
88153,20909
88153,22019
88692,22019
88692,22592
89995,22592
89995,24081
89957,24081
89957,24876
90969,24876
90969,26162
91178,26162
91178,26945
92259,26945
92259,28197
92491,28197
92491,29171
93256,29171
93256,30246
93831,30246
93831,31254
94576,31254
94576,32490
94778,32490
94778,33580
95347,33580
95347,34655
95983,34655
95983,35967
95894,35967
95894,37018
96652,37018
96652,38192
97015,38192
97015,39422
97139,39422
97139,40657
97203,40657
97203,41816
97657,41816
97657,43105
97309,43105
97309,44268
97776,44268
97776,45484
97875,45484
97875,46674
98324,46674
98324,47923
97833,47923
97833,49140
97618,49140
97618,50351